{
 "cells": [
  {
   "cell_type": "markdown",
   "metadata": {
    "hide_input": true
   },
   "source": [
    "# Linear Discriminant Analysis\n",
    "\n",
    "In this document we will discuss the potential uses and perform some basic analysis and classification on our dataset with the help of linear discriminant analysis.\n",
    "\n",
    "<!-- At the begging of every session (when running code), first run [helpers](#section_helpers) and then [get csv data](#section_csv) to load all the libraries, functions and data, used by this notebook. -->"
   ]
  },
  {
   "cell_type": "markdown",
   "metadata": {
    "hide_input": true
   },
   "source": [
    "## Data preparation\n",
    "Our dataset consists of 21 users, each performed 3 predetermined tasks and each of those tasks twice. So in total 6 seances per user, $6 * 21 = 63$ seances. As we only posses 2 tasks of the same type per user, it is necessary for us to somehow generate more datapoints to be able to apply any kind of machine learning techniues. \n",
    "\n",
    "To accomplish that we segmented the data into bins, lasting for m seconds, calculated basic statistical features (complete list below) and save the results into separate csv files. Where $m = [10s, 15s, 30s, 45s, 60s, 75s, 90s, 120s, 150s, 180s]$."
   ]
  },
  {
   "cell_type": "markdown",
   "metadata": {},
   "source": [
    "The features we extracted from the data:\n",
    "- Accelerometer:\n",
    "    - mean of x, y, z and combined,\n",
    "    - standard deviation of x, y, z and combined,\n",
    "    - mean crossing rate of x, y, z and combined,\n",
    "    - mean derivative value of x, y, z and combined\n",
    "- Gyroscope:\n",
    "    - mean of x, y, z and combined,\n",
    "    - standard deviation of x, y, z and combined,\n",
    "    - mean crossing rate of x, y, z and combined\n",
    "- Force sensors:\n",
    "    - mean of all four sensors,\n",
    "    - standard deviation of all four sensors,\n",
    "    - mean crossing rate of all four sensors\n",
    "- Processor usage:\n",
    "    - mean of each core and combined,\n",
    "    - standard deviation of each core and combined, \n",
    "    - minimum value of each core and combined,\n",
    "    - maximum value of each core and combined,\n",
    "    - mean crossing rate of each core and combined\n",
    "- Memory usage:\n",
    "    - mean,\n",
    "    - standard deviation,\n",
    "    - minimum value,\n",
    "    - maximum value,\n",
    "    - number of significant jumps,\n",
    "    - rate of significant jumps,\n",
    "    - mean jump value,\n",
    "    - mean inter jump intervals\n",
    "- Network:\n",
    "    - mean of cumulative sent and received packages,\n",
    "    - standard deviation of cumulative sent and received packages,\n",
    "    - difference in value between start and end of cumulative sent and received packages,\n",
    "    - number of significant jumps of cumulative sent and received packages,\n",
    "    - rate of significant jumps of cumulative sent and received packages,\n",
    "    - mean jump value of cumulative sent and received packages,\n",
    "    - mean inter jump intervals of cumulative sent and received packages"
   ]
  },
  {
   "cell_type": "code",
   "execution_count": null,
   "metadata": {
    "hide_input": false,
    "scrolled": true
   },
   "outputs": [],
   "source": [
    "import warnings\n",
    "\n",
    "# Yes, yes, do not use this... we only have bunch of mean of empty slice and similar warnings\n",
    "warnings.filterwarnings(\"ignore\")\n",
    "\n",
    "for seconds in [10, 15, 30, 45, 60, 75, 90, 120, 150, 180]:\n",
    "    generate_segmented_data_csv(seconds=seconds, experiment=1)\n",
    "    generate_segmented_data_csv(seconds=seconds, experiment=2)\n",
    "    generate_segmented_data_csv(seconds=seconds, experiment=3)"
   ]
  },
  {
   "cell_type": "code",
   "execution_count": 9,
   "metadata": {
    "scrolled": true
   },
   "outputs": [],
   "source": [
    "segment_intervals = [10, 15, 30, 45, 60, 75, 90, 120, 150, 180]\n",
    "datas_1 = []\n",
    "datas_2 = []\n",
    "datas_3 = []\n",
    "\n",
    "for interval in segment_intervals:\n",
    "    datas_1.append(read_csv(\"jupyter/data/segmented_data_{}_seconds_experiment_1.csv\".format(interval)).fillna(0))\n",
    "    datas_2.append(read_csv(\"jupyter/data/segmented_data_{}_seconds_experiment_2.csv\".format(interval)).fillna(0))\n",
    "    datas_3.append(read_csv(\"jupyter/data/segmented_data_{}_seconds_experiment_3.csv\".format(interval)).fillna(0))"
   ]
  },
  {
   "cell_type": "markdown",
   "metadata": {},
   "source": [
    "### DOING Adding frequency domain features\n",
    "\n",
    "To calculate the power of the signal at each spectral frequency, we will perform a discrete fourier transform on the data from the accelerometer, the gyroscope and the force sensors."
   ]
  },
  {
   "cell_type": "code",
   "execution_count": 72,
   "metadata": {
    "code_folding": [
     5,
     99
    ],
    "scrolled": false
   },
   "outputs": [
    {
     "name": "stdout",
     "output_type": "stream",
     "text": [
      "u: 5\n",
      "s: 0\n",
      "s: 3\n",
      "u: 6\n",
      "s: 0\n",
      "s: 3\n",
      "u: 7\n",
      "s: 0\n",
      "s: 3\n",
      "u: 8\n",
      "s: 0\n",
      "s: 3\n",
      "u: 9\n",
      "s: 0\n",
      "s: 3\n",
      "u: 10\n",
      "s: 0\n",
      "s: 3\n",
      "u: 11\n",
      "s: 0\n",
      "s: 3\n",
      "u: 12\n",
      "s: 0\n",
      "s: 3\n",
      "user_5_try_0\n",
      "user_5_try_3\n",
      "user_6_try_0\n",
      "user_6_try_3\n",
      "user_7_try_0\n",
      "user_7_try_3\n",
      "user_8_try_0\n",
      "user_8_try_3\n",
      "user_9_try_0\n",
      "user_9_try_3\n",
      "user_10_try_0\n",
      "user_10_try_3\n",
      "user_11_try_0\n",
      "user_11_try_3\n",
      "user_12_try_0\n",
      "user_12_try_3\n",
      "[[  0.          18.62459736  31.43411991  22.43800261  73.15287435\n",
      "   68.17670593  17.29736719  12.70558719  24.45037444  88.08044882\n",
      "   89.66519488  45.53095732  19.49680652  16.09203714  17.35932019\n",
      "   13.0800218 ]\n",
      " [ 18.62459736   0.          48.31919592  38.90551919  90.08212921\n",
      "   85.16996251  30.99363151  23.55600136  15.31415273 105.296568\n",
      "   73.65376453  30.75243654  35.54531332  31.32293447  32.09523524\n",
      "   27.7638164 ]\n",
      " [ 31.43411991  48.31919592   0.          15.77836393  46.13077033\n",
      "   41.7025005   26.70446382  32.13942501  52.41641162  59.47413893\n",
      "  119.27411537  74.5986758   16.77643971  21.06183073  21.62498111\n",
      "   23.61540836]\n",
      " [ 22.43800261  38.90551919  15.77836393   0.          56.06838191\n",
      "   51.66938001  14.87900467  20.67593728  41.6475149   69.56226814\n",
      "  108.32525774  64.54702298  15.756489    18.18782573  18.56701973\n",
      "   15.74462989]\n",
      " [ 73.15287435  90.08212921  46.13077033  56.06838191   0.\n",
      "   11.89755076  66.72363851  73.54003494  95.33328945  19.01316274\n",
      "  161.16114696 115.94409366  56.78226294  61.69693713  61.27333724\n",
      "   66.20590251]\n",
      " [ 68.17670593  85.16996251  41.7025005   51.66938001  11.89755076\n",
      "    0.          62.56792975  68.81665882  90.66164194  23.90840748\n",
      "  156.90672835 111.61778836  51.90115885  56.67467799  56.67303624\n",
      "   61.75834898]\n",
      " [ 17.29736719  30.99363151  26.70446382  14.87900467  66.72363851\n",
      "   62.56792975   0.          11.73723416  32.60371683  80.29346102\n",
      "   97.75516066  55.07054032  20.61523606  19.75266035  21.30365175\n",
      "   13.2178926 ]\n",
      " [ 12.70558719  23.55600136  32.13942501  20.67593728  73.54003494\n",
      "   68.81665882  11.73723416   0.          25.03232734  87.5251952\n",
      "   90.49710286  47.60072307  23.05206002  21.30898651  22.0501593\n",
      "   15.10685512]\n",
      " [ 24.45037444  15.31415273  52.41641162  41.6475149   95.33328945\n",
      "   90.66164194  32.60371683  25.03232734   0.         109.7191029\n",
      "   68.65166694  29.04323327  41.54522889  37.95465591  38.61564398\n",
      "   32.18215288]\n",
      " [ 88.08044882 105.296568    59.47413893  69.56226814  19.01316274\n",
      "   23.90840748  80.29346102  87.5251952  109.7191029    0.\n",
      "  176.31903351 131.15956592  71.45915114  76.30902372  76.22780132\n",
      "   80.33122854]\n",
      " [ 89.66519488  73.65376453 119.27411537 108.32525774 161.16114696\n",
      "  156.90672835  97.75516066  90.49710286  68.65166694 176.31903351\n",
      "    0.          47.39286735 106.95168686 102.51161188 102.31811973\n",
      "   97.58589792]\n",
      " [ 45.53095732  30.75243654  74.5986758   64.54702298 115.94409366\n",
      "  111.61778836  55.07054032  47.60072307  29.04323327 131.15956592\n",
      "   47.39286735   0.          61.46210219  57.35183281  56.69012339\n",
      "   53.41768147]\n",
      " [ 19.49680652  35.54531332  16.77643971  15.756489    56.78226294\n",
      "   51.90115885  20.61523606  23.05206002  41.54522889  71.45915114\n",
      "  106.95168686  61.46210219   0.           8.34160263   9.7559082\n",
      "   13.95954207]\n",
      " [ 16.09203714  31.32293447  21.06183073  18.18782573  61.69693713\n",
      "   56.67467799  19.75266035  21.30898651  37.95465591  76.30902372\n",
      "  102.51161188  57.35183281   8.34160263   0.           9.40347576\n",
      "   11.55280523]\n",
      " [ 17.35932019  32.09523524  21.62498111  18.56701973  61.27333724\n",
      "   56.67303624  21.30365175  22.0501593   38.61564398  76.22780132\n",
      "  102.31811973  56.69012339   9.7559082    9.40347576   0.\n",
      "   13.71750952]\n",
      " [ 13.0800218   27.7638164   23.61540836  15.74462989  66.20590251\n",
      "   61.75834898  13.2178926   15.10685512  32.18215288  80.33122854\n",
      "   97.58589792  53.41768147  13.95954207  11.55280523  13.71750952\n",
      "    0.        ]]\n"
     ]
    }
   ],
   "source": [
    "import pytz\n",
    "from scipy.interpolate import interp1d\n",
    "import numpy.fft as nft\n",
    "from sklearn.metrics.pairwise import euclidean_distances\n",
    "\n",
    "# Interpolation\n",
    "def interpolate(data, step: int):\n",
    "    \"\"\"\n",
    "    Interpolate list of sensor records, to the given milisecond interval.\n",
    "    Return interpolated values and associated times.\n",
    "    \"\"\"\n",
    "    data = sorted(acc_x, key=lambda x: x.timestamp)\n",
    "    current_step = data[0].timestamp + timedelta(microseconds=step * 1000)\n",
    "    values = [x.value for x in data]\n",
    "    tim = [datetime.timestamp(x.timestamp) for x in data]\n",
    "    intepolator = interp1d(tim, values)\n",
    "    values_inter = []\n",
    "    tim_inter = []\n",
    "    while current_step <= data[-1].timestamp:\n",
    "        values_inter.append(intepolator(datetime.timestamp(current_step)))\n",
    "        tim_inter.append(current_step)\n",
    "        current_step += timedelta(microseconds=step * 1000)\n",
    "    return values_inter, tim_inter\n",
    "\n",
    "results = {}\n",
    "frequencies = []\n",
    "u = 5\n",
    "for user in [\"test_subject_05\", \"test_subject_06\", \"test_subject_07\", \"test_subject_08\", \"test_subject_09\", \"test_subject_10\", \"test_subject_11\", \"test_subject_12\"]:\n",
    "    print(\"u: {}\".format(u))\n",
    "    for s in [0, 3]:\n",
    "        print(\"s: {}\".format(s))\n",
    "        seance = Seance.objects.filter(user__username=user, valid=True).order_by(\"created\")[s]\n",
    "        records = SensorRecord.objects.filter(seance=seance,)\n",
    "\n",
    "        acc_x = records.filter(sensor__topic=\"accel01_z\").order_by(\"timestamp\")\n",
    "        values = [x.value for x in acc_x]\n",
    "        tim = [x.timestamp for x in acc_x]\n",
    "        fig = line(x=tim, y=values)\n",
    "        fig.update_layout(title=\"Original signal\")\n",
    "#         fig.show()\n",
    "\n",
    "        step = 5\n",
    "        values_inter, tim_inter = interpolate(acc_x, step)\n",
    "        fig = line(x=tim_inter, y=values_inter)\n",
    "        fig.update_layout(title=\"Interpolated signal\")\n",
    "#         fig.show()\n",
    "\n",
    "        # Frequency domain ananlysis\n",
    "        n = len(values_inter)\n",
    "        y = fft(values_inter)\n",
    "        f = fftfreq(len(y))\n",
    "        # Multiply frequency by sampling rate, to obtain Hertz\n",
    "        f = f * (1000 / step)\n",
    "\n",
    "        # Take only first half of the fft\n",
    "        y = y[1 : len(y) // 2]\n",
    "        f = f[1 : len(f) // 2]\n",
    "        mag = [sqrt(r ** 2 + i ** 2) for r, i in zip(y.real, y.imag)]\n",
    "\n",
    "        fig = line(x=f, y=mag)\n",
    "#         fig.show()\n",
    "\n",
    "        prev = 0\n",
    "        step = 1\n",
    "        f = list(f)\n",
    "        squashed = {\"freq\": [], \"value\": []}\n",
    "        for freq_step in range(step, 101, step):\n",
    "            freq = [x for x in f if prev < x < freq_step]\n",
    "            indices = [f.index(x) for x in freq]\n",
    "            prev = freq_step\n",
    "            squashed[\"freq\"].append((prev + freq_step) / 2)\n",
    "            squashed[\"value\"].append(mean([mag[x] for x in indices]))\n",
    "        frequencies = squashed[\"freq\"][10:]\n",
    "        fig = line(x=squashed[\"freq\"], y=squashed[\"value\"])\n",
    "        fig.update_layout(title=\"User {}\".format(user))\n",
    "        results.update({\"user_{}_try_{}\".format(u, s): squashed[\"value\"][10:]})\n",
    "#         fig.show()\n",
    "    u += 1\n",
    "#     break\n",
    "X = []\n",
    "for x in results:\n",
    "    print(x)\n",
    "    X.append(results[x])\n",
    "print(euclidean_distances(X))\n",
    "\n",
    "# data.append([sensor, f, mag])\n",
    "#         fig = make_subplots(\n",
    "#             rows=2,\n",
    "#             cols=3,\n",
    "#             subplot_titles=[x[0] for x in data],\n",
    "#         )\n",
    "#         i = 0\n",
    "#         for x in data:\n",
    "#             fig.add_trace(\n",
    "#                 go.Scatter(\n",
    "#                     x=x[1],\n",
    "#                     y=x[2],\n",
    "#                     mode=\"lines\",\n",
    "# #                     marker=dict(color=lda[\"user\"], colorscale=\"rainbow\"),\n",
    "#                 ),\n",
    "#                 row=int(i / 3) + 1,\n",
    "#                 col=i % 3 + 1,\n",
    "#             )\n",
    "#             i += 1\n",
    "#         fig.update_layout(title=\"Fft magnitudes at different frequencies, task 1, user {}\".format(user))\n",
    "#         fig.show()\n",
    "\n",
    "\n",
    "def generate_segmented_frequency_domaing_data_csv(seconds: int, experiment: int = 1):\n",
    "    \"\"\"\n",
    "    Generate csv file with calculated features, from data subsampled to the given time interval.\n",
    "    \"\"\"\n",
    "    step = timedelta(seconds=seconds)\n",
    "    seances = Seance.objects.filter(\n",
    "        experiment__sequence_number=experiment, valid=True\n",
    "    ).order_by(\"start\")\n",
    "\n",
    "    print(\n",
    "        \"Generating segmented data csv file with {} seconds intervals for {} seances.\".format(\n",
    "            seconds, seances.count()\n",
    "        )\n",
    "    )\n",
    "\n",
    "    file_name = \"segmented_data_{}_seconds_experiment_{}.csv\".format(\n",
    "        seconds, experiment\n",
    "    )\n",
    "    with open(file_name, \"w\") as csv_data:\n",
    "        csv_data.write(\n",
    "            \"user,seance,ax_me,ax_sd,ax_mcr,ax_mai,ay_me,ay_sd,ay_mcr,ay_mai,az_me,az_sd,az_mcr,az_mai,a_me,\"\n",
    "            + \"a_sd,a_mcr,a_mai,gx_me,gx_sd,gx_mcr,gy_me,gy_sd,gy_mcr,gz_me,gz_sd,gz_mcr,g_me,g_sd,g_mcr,fa_me,\"\n",
    "            + \"fa_sd,fa_mcr,fb_me,fb_sd,fb_mcr,fc_me,fc_sd,fc_mcr,fd_me,fd_sd,fd_mcr,ca_me,ca_sd,ca_min,ca_max,\"\n",
    "            + \"ca_mcr,cb_me,cb_sd,cb_min,cb_max,cb_mcr,cc_me,cc_sd,cc_min,cc_max,cc_mcr,cd_me,cd_sd,cd_min,cd_max,\"\n",
    "            + \"cd_mcr,c_me,c_sd,c_min,c_max,c_mcr,m_me,m_sd,m_min,m_max,m_jc,m_jr,m_jv,m_iji,ns_me,ns_sd,ns_sum,\"\n",
    "            + \"ns_jc,ns_jr,ns_jv,ns_iji,nr_me,nr_sd,nr_sum,nr_jc,nr_jr,nr_jv,nr_iji,ir_me\\n\"\n",
    "        )\n",
    "        count = 1\n",
    "        for seance in seances[:]:\n",
    "            print(\n",
    "                \"-----------------------------------------------------------------------------\"\n",
    "            )\n",
    "            print(\"{} of {}\".format(count, seances.count()))\n",
    "            count += 1\n",
    "            print(seance)\n",
    "            start = seance.start\n",
    "            end = seance.end\n",
    "            data = (\n",
    "                list(load_data(seance.id, \"accelerometer\"))\n",
    "                + list(load_data(seance.id, \"gyroscope\"))\n",
    "                + list(load_data(seance.id, \"force\"))\n",
    "                + list(load_data(seance.id, \"cpu\"))\n",
    "                + [load_data(seance.id, \"ram\")]\n",
    "                + list(load_data(seance.id, \"net\"))\n",
    "            )\n",
    "            pir_data = load_data(seance.id, \"pir\")\n",
    "            pir_datas = process_pir_data(\n",
    "                pir_data, seance.start, seance.end, seconds, interval=10\n",
    "            )\n",
    "\n",
    "            i = 0\n",
    "            while start < end:\n",
    "                sub_data = []\n",
    "                for x in data:\n",
    "                    try:\n",
    "                        x[0].sensor\n",
    "                        sub_data.append(\n",
    "                            x.filter(timestamp__range=(start, start + step))\n",
    "                        )\n",
    "                    except IndexError:\n",
    "                        sub_data.append([])\n",
    "\n",
    "                # accelerometer\n",
    "                ax_val, _, _, ax_me, ax_sd = process_signal(sub_data[0])\n",
    "                ay_val, _, _, ay_me, ay_sd = process_signal(sub_data[1])\n",
    "                az_val, _, _, az_me, az_sd = process_signal(sub_data[2])\n",
    "                a_val, a_me, a_sd = join_accelerometer_signals(ax_val, ay_val, az_val)\n",
    "                ax_mcr = mean_crossing_rate(ax_val, ax_me)\n",
    "                ay_mcr = mean_crossing_rate(ay_val, ay_me)\n",
    "                az_mcr = mean_crossing_rate(az_val, az_me)\n",
    "                a_mcr = mean_crossing_rate(a_val, a_me)\n",
    "                ax_mai = mean_acceleration_intensity(ax_val)\n",
    "                ay_mai = mean_acceleration_intensity(ay_val)\n",
    "                az_mai = mean_acceleration_intensity(az_val)\n",
    "                a_mai = mean_acceleration_intensity(a_val)\n",
    "\n",
    "                # gyroscope\n",
    "                gx_val, _, _, gx_me, gx_sd = process_signal(sub_data[3])\n",
    "                gy_val, _, _, gy_me, gy_sd = process_signal(sub_data[4])\n",
    "                gz_val, _, _, gz_me, gz_sd = process_signal(sub_data[5])\n",
    "                g_val, g_me, g_sd = join_accelerometer_signals(gx_val, gy_val, gz_val)\n",
    "                gx_mcr = mean_crossing_rate(gx_val, gx_me)\n",
    "                gy_mcr = mean_crossing_rate(gy_val, gy_me)\n",
    "                gz_mcr = mean_crossing_rate(gz_val, gz_me)\n",
    "                g_mcr = mean_crossing_rate(g_val, g_me)\n",
    "\n",
    "                # force\n",
    "                fa_val, _, _, fa_me, fa_sd = process_signal(sub_data[6])\n",
    "                fb_val, _, _, fb_me, fb_sd = process_signal(sub_data[7])\n",
    "                fc_val, _, _, fc_me, fc_sd = process_signal(sub_data[8])\n",
    "                fd_val, _, _, fd_me, fd_sd = process_signal(sub_data[9])\n",
    "                fa_mcr = mean_crossing_rate(fa_val, fa_me)\n",
    "                fb_mcr = mean_crossing_rate(fb_val, fb_me)\n",
    "                fc_mcr = mean_crossing_rate(fc_val, fc_me)\n",
    "                fd_mcr = mean_crossing_rate(fd_val, fd_me)\n",
    "\n",
    "                # cpu\n",
    "                ca_val, _, _, ca_me, ca_sd = process_signal(sub_data[10])\n",
    "                cb_val, _, _, cb_me, cb_sd = process_signal(sub_data[11])\n",
    "                cc_val, _, _, cc_me, cc_sd = process_signal(sub_data[12])\n",
    "                cd_val, _, _, cd_me, cd_sd = process_signal(sub_data[13])\n",
    "                c_val, c_me, c_sd = join_cpu_signals(ca_val, cb_val, cc_val, cd_val)\n",
    "                ca_min, ca_max, ca_mcr = get_cpu_stats(ca_val)\n",
    "                cb_min, cb_max, cb_mcr = get_cpu_stats(cb_val)\n",
    "                cc_min, cc_max, cc_mcr = get_cpu_stats(cc_val)\n",
    "                cd_min, cd_max, cd_mcr = get_cpu_stats(cd_val)\n",
    "                c_min, c_max, c_mcr = get_cpu_stats(c_val)\n",
    "\n",
    "                # ram\n",
    "                m_val, _, _, m_me, m_sd = process_signal(sub_data[14])\n",
    "                derivatives, peaks = find_ram_jump(m_val)\n",
    "                m_me, m_min, m_max, m_jc, m_jr, m_jv, m_iji = get_mem_stats(\n",
    "                    m_val, peaks, derivatives\n",
    "                )\n",
    "\n",
    "                # net\n",
    "                ns_val, _, _, ns_me, ns_sd = process_signal(sub_data[15])\n",
    "                nr_val, _, _, nr_me, nr_sd = process_signal(sub_data[16])\n",
    "                ns_der, ns_pe = find_net_jump(ns_val)\n",
    "                nr_der, nr_pe = find_net_jump(nr_val)\n",
    "                ns_sum, ns_jc, ns_jr, ns_jv, ns_iji = get_net_stats(\n",
    "                    ns_val, ns_pe, ns_der\n",
    "                )\n",
    "                nr_sum, nr_jc, nr_jr, nr_jv, nr_iji = get_net_stats(\n",
    "                    nr_val, nr_pe, nr_der\n",
    "                )\n",
    "\n",
    "                # ir sensors\n",
    "                ir_me = pir_datas[i]\n",
    "\n",
    "                write_row = \",\".join(\n",
    "                    [\n",
    "                        str(x)\n",
    "                        for x in [\n",
    "                            seance.user.id,\n",
    "                            seance.id,\n",
    "                            ax_me,\n",
    "                            ax_sd,\n",
    "                            ax_mcr,\n",
    "                            ax_mai,\n",
    "                            ay_me,\n",
    "                            ay_sd,\n",
    "                            ay_mcr,\n",
    "                            ay_mai,\n",
    "                            az_me,\n",
    "                            az_sd,\n",
    "                            az_mcr,\n",
    "                            az_mai,\n",
    "                            a_me,\n",
    "                            a_sd,\n",
    "                            a_mcr,\n",
    "                            a_mai,\n",
    "                            gx_me,\n",
    "                            gx_sd,\n",
    "                            gx_mcr,\n",
    "                            gy_me,\n",
    "                            gy_sd,\n",
    "                            gy_mcr,\n",
    "                            gz_me,\n",
    "                            gz_sd,\n",
    "                            gz_mcr,\n",
    "                            g_me,\n",
    "                            g_sd,\n",
    "                            g_mcr,\n",
    "                            fa_me,\n",
    "                            fa_sd,\n",
    "                            fa_mcr,\n",
    "                            fb_me,\n",
    "                            fb_sd,\n",
    "                            fb_mcr,\n",
    "                            fc_me,\n",
    "                            fc_sd,\n",
    "                            fc_mcr,\n",
    "                            fd_me,\n",
    "                            fd_sd,\n",
    "                            fd_mcr,\n",
    "                            ca_me,\n",
    "                            ca_sd,\n",
    "                            ca_min,\n",
    "                            ca_max,\n",
    "                            ca_mcr,\n",
    "                            cb_me,\n",
    "                            cb_sd,\n",
    "                            cb_min,\n",
    "                            cb_max,\n",
    "                            cb_mcr,\n",
    "                            cc_me,\n",
    "                            cc_sd,\n",
    "                            cc_min,\n",
    "                            cc_max,\n",
    "                            cc_mcr,\n",
    "                            cd_me,\n",
    "                            cd_sd,\n",
    "                            cd_min,\n",
    "                            cd_max,\n",
    "                            cd_mcr,\n",
    "                            c_me,\n",
    "                            c_sd,\n",
    "                            c_min,\n",
    "                            c_max,\n",
    "                            c_mcr,\n",
    "                            m_me,\n",
    "                            m_sd,\n",
    "                            m_min,\n",
    "                            m_max,\n",
    "                            m_jc,\n",
    "                            m_jr,\n",
    "                            m_jv,\n",
    "                            m_iji,\n",
    "                            ns_me,\n",
    "                            ns_sd,\n",
    "                            ns_sum,\n",
    "                            ns_jc,\n",
    "                            ns_jr,\n",
    "                            ns_jv,\n",
    "                            ns_iji,\n",
    "                            nr_me,\n",
    "                            nr_sd,\n",
    "                            nr_sum,\n",
    "                            nr_jc,\n",
    "                            nr_jr,\n",
    "                            nr_jv,\n",
    "                            nr_iji,\n",
    "                            ir_me,\n",
    "                        ]\n",
    "                    ]\n",
    "                )\n",
    "                csv_data.write(write_row + \"\\n\")\n",
    "                start += step\n",
    "                i += 1"
   ]
  },
  {
   "cell_type": "code",
   "execution_count": 75,
   "metadata": {},
   "outputs": [
    {
     "data": {
      "application/vnd.plotly.v1+json": {
       "config": {
        "plotlyServerURL": "https://plot.ly"
       },
       "data": [
        {
         "colorscale": [
          [
           0,
           "#440154"
          ],
          [
           0.1111111111111111,
           "#482878"
          ],
          [
           0.2222222222222222,
           "#3e4989"
          ],
          [
           0.3333333333333333,
           "#31688e"
          ],
          [
           0.4444444444444444,
           "#26828e"
          ],
          [
           0.5555555555555556,
           "#1f9e89"
          ],
          [
           0.6666666666666666,
           "#35b779"
          ],
          [
           0.7777777777777778,
           "#6ece58"
          ],
          [
           0.8888888888888888,
           "#b5de2b"
          ],
          [
           1,
           "#fde725"
          ]
         ],
         "type": "heatmap",
         "x": [
          "user_5_try_0",
          "user_5_try_3",
          "user_6_try_0",
          "user_6_try_3",
          "user_7_try_0",
          "user_7_try_3",
          "user_8_try_0",
          "user_8_try_3",
          "user_9_try_0",
          "user_9_try_3",
          "user_10_try_0",
          "user_10_try_3",
          "user_11_try_0",
          "user_11_try_3",
          "user_12_try_0",
          "user_12_try_3"
         ],
         "y": [
          "user_5_try_0",
          "user_5_try_3",
          "user_6_try_0",
          "user_6_try_3",
          "user_7_try_0",
          "user_7_try_3",
          "user_8_try_0",
          "user_8_try_3",
          "user_9_try_0",
          "user_9_try_3",
          "user_10_try_0",
          "user_10_try_3",
          "user_11_try_0",
          "user_11_try_3",
          "user_12_try_0",
          "user_12_try_3"
         ],
         "z": [
          [
           0,
           18.624597356573087,
           31.434119905510755,
           22.438002614554236,
           73.15287434865752,
           68.176705932407,
           17.29736718530994,
           12.70558719331571,
           24.450374437717787,
           88.08044882051243,
           89.66519488194763,
           45.53095732005221,
           19.496806516269444,
           16.09203714087336,
           17.359320194658586,
           13.080021800266884
          ],
          [
           18.624597356573137,
           0,
           48.31919591882552,
           38.90551919078763,
           90.0821292089114,
           85.16996251377596,
           30.993631514046164,
           23.556001356161442,
           15.314152728947766,
           105.29656799528958,
           73.65376453322605,
           30.752436537720953,
           35.54531331911107,
           31.322934469968555,
           32.09523524187764,
           27.763816403244473
          ],
          [
           31.434119905510755,
           48.319195918825535,
           0,
           15.778363929790144,
           46.130770331435684,
           41.70250050320034,
           26.70446381626667,
           32.13942501321322,
           52.41641161612926,
           59.47413893112356,
           119.27411536745326,
           74.59867579585396,
           16.776439708230022,
           21.061830726889024,
           21.624981110814808,
           23.615408356652498
          ],
          [
           22.438002614554236,
           38.90551919078763,
           15.778363929790144,
           0,
           56.068381909379816,
           51.66938001368203,
           14.87900467266857,
           20.675937281540467,
           41.64751490446479,
           69.56226813662528,
           108.32525773593377,
           64.54702297670819,
           15.756489001867095,
           18.187825728913683,
           18.567019725533992,
           15.744629890139747
          ],
          [
           73.15287434865752,
           90.0821292089114,
           46.130770331435684,
           56.068381909379816,
           0,
           11.897550757494871,
           66.72363851039721,
           73.54003494161994,
           95.33328945058366,
           19.013162739327228,
           161.1611469638224,
           115.94409365906499,
           56.78226293680973,
           61.696937132728685,
           61.27333723617257,
           66.20590251220204
          ],
          [
           68.176705932407,
           85.16996251377596,
           41.70250050320034,
           51.66938001368203,
           11.897550757494871,
           0,
           62.56792974944148,
           68.81665881998742,
           90.66164194316985,
           23.90840747736302,
           156.9067283456563,
           111.61778836198472,
           51.9011588482319,
           56.674677988111526,
           56.673036236719945,
           61.75834897660451
          ],
          [
           17.29736718530994,
           30.993631514046193,
           26.70446381626667,
           14.87900467266857,
           66.72363851039721,
           62.56792974944148,
           0,
           11.737234159832049,
           32.60371683495282,
           80.29346101624448,
           97.75516066448192,
           55.070540318046454,
           20.61523606374576,
           19.75266035344492,
           21.3036517504166,
           13.217892603443257
          ],
          [
           12.70558719331571,
           23.556001356161442,
           32.13942501321322,
           20.675937281540467,
           73.54003494161994,
           68.81665881998742,
           11.737234159832049,
           0,
           25.032327342985553,
           87.52519520155523,
           90.49710286317868,
           47.6007230650126,
           23.05206002464579,
           21.308986514590966,
           22.05015930408688,
           15.10685512476717
          ],
          [
           24.450374437717826,
           15.314152728947766,
           52.416411616129245,
           41.64751490446479,
           95.33328945058366,
           90.66164194316985,
           32.60371683495279,
           25.032327342985553,
           0,
           109.71910290452148,
           68.65166693904634,
           29.043233272722897,
           41.545228887926804,
           37.95465591100329,
           38.615643977623044,
           32.1821528834238
          ],
          [
           88.08044882051243,
           105.29656799528958,
           59.47413893112356,
           69.56226813662528,
           19.013162739327228,
           23.90840747736302,
           80.29346101624448,
           87.52519520155523,
           109.71910290452148,
           0,
           176.31903351104208,
           131.15956591794492,
           71.45915114476918,
           76.30902372312212,
           76.2278013205456,
           80.33122853922954
          ],
          [
           89.66519488194764,
           73.65376453322605,
           119.27411536745326,
           108.32525773593377,
           161.1611469638224,
           156.9067283456563,
           97.75516066448192,
           90.49710286317871,
           68.65166693904636,
           176.31903351104208,
           0,
           47.392867349874976,
           106.9516868633162,
           102.51161187884726,
           102.31811973166482,
           97.58589791633297
          ],
          [
           45.53095732005223,
           30.752436537720953,
           74.59867579585398,
           64.54702297670819,
           115.94409365906499,
           111.61778836198472,
           55.07054031804643,
           47.6007230650126,
           29.043233272722897,
           131.15956591794492,
           47.39286734987494,
           0,
           61.46210218702524,
           57.35183280633682,
           56.69012338677092,
           53.41768146938395
          ],
          [
           19.496806516269444,
           35.54531331911104,
           16.776439708230022,
           15.756489001867095,
           56.78226293680973,
           51.9011588482319,
           20.61523606374576,
           23.05206002464579,
           41.54522888792678,
           71.45915114476918,
           106.95168686331618,
           61.462102187025216,
           0,
           8.341602633598509,
           9.755908203984001,
           13.95954206582408
          ],
          [
           16.09203714087336,
           31.322934469968555,
           21.061830726889024,
           18.187825728913683,
           61.696937132728685,
           56.674677988111526,
           19.75266035344492,
           21.308986514590966,
           37.95465591100329,
           76.30902372312212,
           102.51161187884726,
           57.35183280633682,
           8.341602633598509,
           0,
           9.403475761912208,
           11.552805231567792
          ],
          [
           17.359320194658586,
           32.09523524187764,
           21.624981110814808,
           18.567019725533992,
           61.27333723617257,
           56.673036236719945,
           21.3036517504166,
           22.05015930408688,
           38.615643977623044,
           76.2278013205456,
           102.31811973166482,
           56.69012338677092,
           9.755908203984001,
           9.403475761912208,
           0,
           13.717509519878998
          ],
          [
           13.080021800266884,
           27.763816403244473,
           23.615408356652498,
           15.744629890139747,
           66.20590251220204,
           61.75834897660451,
           13.217892603443257,
           15.10685512476717,
           32.1821528834238,
           80.33122853922954,
           97.58589791633297,
           53.41768146938395,
           13.95954206582408,
           11.552805231567792,
           13.717509519878998,
           0
          ]
         ]
        }
       ],
       "layout": {
        "template": {
         "data": {
          "bar": [
           {
            "error_x": {
             "color": "#2a3f5f"
            },
            "error_y": {
             "color": "#2a3f5f"
            },
            "marker": {
             "line": {
              "color": "#E5ECF6",
              "width": 0.5
             }
            },
            "type": "bar"
           }
          ],
          "barpolar": [
           {
            "marker": {
             "line": {
              "color": "#E5ECF6",
              "width": 0.5
             }
            },
            "type": "barpolar"
           }
          ],
          "carpet": [
           {
            "aaxis": {
             "endlinecolor": "#2a3f5f",
             "gridcolor": "white",
             "linecolor": "white",
             "minorgridcolor": "white",
             "startlinecolor": "#2a3f5f"
            },
            "baxis": {
             "endlinecolor": "#2a3f5f",
             "gridcolor": "white",
             "linecolor": "white",
             "minorgridcolor": "white",
             "startlinecolor": "#2a3f5f"
            },
            "type": "carpet"
           }
          ],
          "choropleth": [
           {
            "colorbar": {
             "outlinewidth": 0,
             "ticks": ""
            },
            "type": "choropleth"
           }
          ],
          "contour": [
           {
            "colorbar": {
             "outlinewidth": 0,
             "ticks": ""
            },
            "colorscale": [
             [
              0,
              "#0d0887"
             ],
             [
              0.1111111111111111,
              "#46039f"
             ],
             [
              0.2222222222222222,
              "#7201a8"
             ],
             [
              0.3333333333333333,
              "#9c179e"
             ],
             [
              0.4444444444444444,
              "#bd3786"
             ],
             [
              0.5555555555555556,
              "#d8576b"
             ],
             [
              0.6666666666666666,
              "#ed7953"
             ],
             [
              0.7777777777777778,
              "#fb9f3a"
             ],
             [
              0.8888888888888888,
              "#fdca26"
             ],
             [
              1,
              "#f0f921"
             ]
            ],
            "type": "contour"
           }
          ],
          "contourcarpet": [
           {
            "colorbar": {
             "outlinewidth": 0,
             "ticks": ""
            },
            "type": "contourcarpet"
           }
          ],
          "heatmap": [
           {
            "colorbar": {
             "outlinewidth": 0,
             "ticks": ""
            },
            "colorscale": [
             [
              0,
              "#0d0887"
             ],
             [
              0.1111111111111111,
              "#46039f"
             ],
             [
              0.2222222222222222,
              "#7201a8"
             ],
             [
              0.3333333333333333,
              "#9c179e"
             ],
             [
              0.4444444444444444,
              "#bd3786"
             ],
             [
              0.5555555555555556,
              "#d8576b"
             ],
             [
              0.6666666666666666,
